1 1 1
1 1 50
1 50 1
1 50 50
50 50 1
50 50 50
50 1 1
50 1 50

1 100 1
1 100 50
1 150 1
1 150 50
50 150 1
50 150 50
50 100 1
50 100 50

100 1 100
100 1 150
100 50 100
100 50 150
150 50 100
150 50 150
150 1 100
150 1 150

100 100 100
100 100 150
100 150 100
100 150 150
150 150 100
150 150 150
150 100 100
150 100 150

1 1 100
1 1 150
1 50 100
1 50 150
50 50 100
50 50 150
50 1 100
50 1 150

1 100 100
1 100 150
1 150 100
1 150 150
50 150 100
50 150 150
50 100 100
50 100 150

100 1 1
100 1 50
100 50 1
100 50 50
150 50 1
150 50 50
150 1 1
150 1 50

100 100 1
100 100 50
100 150 1
100 150 50
150 150 1
150 150 50
150 100 1
150 100 50